Average: 0.4946760772037994
Variance: 0.07887628131874945
Standard Deviation: 0.28084921455960926
